#$Id: gmaplocations.properties,v 1.2 2010/10/29 13:47:10 swaminathap Exp $
# new locations should be added here
Afghanistan=33.95,67.4
Albania=41.1298611,20.19472225
Algeria=28.12083335,1.51361115 
Austria=47.725,13.3165278  
Azerbaijan=40.125,47.73972225
Bahrain=26.08375,50.5525
Bangladesh=23.7666667,90.24166665
Barbados=13.1833333,-59.51666665
Belarus=53.425,27.7
Belgium=50.59166665,4.475
Belize=17.1916667,-88.5233333
Benin=9.31666665,2.29972225
Bermuda=32.31944445,-64.7672222
Bhutan=27.3916667,90.49166665
Bolivia=-6.59444445,-63.60833335
Bosnia=43.91652775,17.68444445
Brazil=-14.54166665,-53.09166665
Bulgaria=42.6051389,25.48388885
Canada=62.14166665,-96.825
Central\ African\ Republic=5.78333335,20.68333335
Chad=14.66875,18.25833335
China=35.84444445,104.40833335
Colombia=4.58402775,-74.2926389
Comoros=-12.18375,44.25444445
Croatia=44.46388885,16.4406944
Cuba=21.70833335,-58.28819445
Cyprus=35.0958333,33.39069445
Czech\ Republic=46.09166665,15.475
Denmark=56.15,11.63333335   
Djibouti=11.82430555,42.59583335
Egypt=35.6222222,30.31708335
El\ Salvador=13.80791665,-88.8826389
Finland=64.925,25.5033333 
France=46.2333333,2.2083333
Georgia=42.3661111,43.33611115
Germany=51.1666667,10.45
Ghana=7.95458335,-1.0036111
Gibraltar=36.125,-5.34166665
Greece=38.2679167,24.4923611
Greenland=70.8,-45.23333335
Hungary=47.28847225,19.51986115
Iceland=64.94916665,-19.0413889
India=21.3375,82.76666665
Iran=32.40944445,53.65194445
Iraq=33.3366667,43.82680555
Ireland=53.4109722,-8.240694
Israel=31.4236111,34.97430555   
Italy=39.08444445,27.97888885   
Jamaica=18.11666665,-77.45   
Jordan=31.02166665,36.6083333 
Kazakhstan=47.96666665,81.19166665 
Kenya=-0.2333333,37.89805555    
Kuwait=29.14805555,48.02583335   
Kyrgyzstan=41.1833333,74.2083333 
Latvia=56.875,24.5916667    
Lebanon=33.88069445,35.80805555  
Liberia=6.44180555,-9.4861111   
Luxembourg=49.82125,6.1290278   
Macedonia=41.6205556,21.70708335   
Madagascar=-18.775,46.85 
Malawi=-13.325,34.2916667   
Maldives=3.09166665,73.23333335   
Mauritius=-15.5,60.09166665   
Mexico=26.5875,-101.9166667   
Mongolia=46.76944445,103.83333335    
Morocco=19.995,-6.92666665   
Mozambique=-15.5672222,22.42555555 
Nepal=28.275,84.1083333    
Netherlands=52.125,5.2916667   
Nicaragua=12.88333335,-85.34166665  
Nigeria=8.98333335,8.575     
Norway=64.575,17.88333335   
Oman=21.53569445,56.18930555   
Pakistan=30.44166665,69.075   
Peru=-6.8533333,-74.99666665   
Poland=51.99166665,19.13333335   
Portugal=36.84166665,-18.6916667 
Qatar=25.36291665,51.1929167   
Romania=45.88333335,24.9416667   
Russia=43.10833335,99.715    
Saudi\ Arabia=24.04708335,42.9925 
Spain=35.825,-6.03333335    
Sri\ Lanka=7.875,80.7666667   
Sudan=13.325,30.1416667    
Sweden=62.15,35.875  
Switzerland=49.125,8.23333335   
Syria=34.79847225,38.9827778   
Tajikistan=38.825,71.1225 
Tanzania=-6.3675,35.0083333   
Tunisia=34.1854167,9.60833335 
Turkey=38.95138885,35.2534722 
Turkmenistan=38.925,59.59166665    
Ukraine=52.30833335,40.85833335  
United\ Arab\ Emirates=24.4911111,53.90166665    
United\ Kingdom=55.35,-3.16666665    
United\ States=44.62306,-120.979725    
Uzbekistan=41.925,68.35833335   
Venezuela=6.1011111,-39.94916665  
Zambia=-13.00833335,25.36666665  



 
